69 88
1525 3373 3250 1228 5154 4833 5778 4265 4749 95 5593 5967 5722 2555 1107 2451 4818 4486 2734 1413 6008 1415 2007 5993 3380 774 2805 316 1166 732 5299 4660 659 5060 3442 1177 3713 3604 2547 4313 3088 2287 4510 1160 1693 6017 4811 3894 5563 2885 3874 4041 1094 3796 4616 6054 2783 1509 4955 3386 5053 1662 1748 3873 5471 1212 5624 3354 3835 4813 2416 1841 3190 1081 5776 3070 3865 3048 5390 5547 5804 2873 3357 5432 3447 857 5162 1617
2671 4393 3267 1086 1206 4024 4142 3216 1445 4445 6003 235 2452 2410 5120 2661 4696 3951 4202 573 5202 4161 1703 1690 163 1244 5552 1882 5220 1210 950 5006 3562 4074 427 935 2004 390 5142 1726 3335 4025 4846 1872 4960 4664 1208 4629 4553 1975 1939 5430 2048 5732 72 2160 5253 899 4600 211 4782 2076 5626 3030 5711 1331 4614 2364 2518 2866 386 4124 2023 2343 5608 3031 973 2234 1039 676 5662 4467 3614 1365 3869 2439 2413 2796
2618 2456 2906 3914 1631 1817 4921 5288 4460 5807 1729 1984 569 3117 147 2017 1837 2233 2655 4956 4071 1275 4898 1102 3154 3920 2899 2932 5858 5682 3862 1280 4437 563 5553 3585 3202 1285 2514 403 2877 3310 622 4102 666 2848 3798 638 4822 2867 3659 338 536 5802 3609 4737 5341 2699 1978 3434 2856 4023 5963 4303 5850 4281 1785 1709 2466 5184 4907 1949 961 2183 5920 2542 680 5214 3279 1171 1811 1950 1205 751 2402 3101 2758 5556
5760 204 3498 582 5369 1578 5128 521 4007 1999 245 3558 2242 4952 3347 4982 1797 2040 1009 3170 1558 357 1808 3511 2941 1926 2821 3188 4491 4720 956 3552 1346 3133 4884 4285 4695 539 339 4072 2266 5906 1178 5581 219 4311 2222 292 1471 636 5525 3940 1444 1237 4939 5484 5618 975 1701 3313 277 5263 491 4687 2530 4787 2956 3867 1608 393 3281 3377 2825 2136 1955 3137 4061 3440 4788 421 3067 1846 1137 3597 4157 2785 5950 2668
2191 5708 2212 3503 4637 4086 5864 5755 3181 2145 5520 4802 3952 5716 3309 3199 1411 2151 4506 29 3179 2110 3603 5384 4872 5138 5638 5081 4834 2683 6014 633 5526 615 2397 1696 4887 1964 1893 4935 3491 5442 5117 6028 405 3136 4624 5862 2288 2337 3461 5177 2372 1639 623 5457 373 3855 5075 2619 3856 1715 3695 4465 1551 2893 1513 6013 1248 4101 642 4186 5701 5505 5114 296 4775 4569 152 2449 3911 838 1789 99 901 4179 4230 2993
5488 342 1148 1632 4517 3296 6005 4273 5713 3846 3520 2130 3131 4189 4858 1664 5297 452 1705 2039 438 5660 2650 5538 2771 4030 3232 5005 5879 353 4328 4259 4925 5465 5710 5102 5110 5567 3178 1272 4360 1388 4402 1132 3917 2483 6024 3404 514 290 398 4725 6001 3599 1088 61 2862 1972 1557 4176 985 848 3882 1322 2012 5808 1016 5425 27 2761 2681 4440 2498 5107 3954 1192 4628 1175 1143 221 870 5753 5168 4053 3880 3583 4550 5897
2033 5596 5401 4959 5800 2756 3930 3723 760 2488 5193 5757 3352 5528 2591 3272 2860 5984 4709 1104 3432 5237 4474 3148 2696 2612 2432 1752 3431 1115 4290 3519 182 2236 408 2929 4314 2497 979 728 2295 3991 1476 5663 165 3697 108 2980 5656 84 345 3132 1621 5360 4359 4769 9 2054 3161 1574 1334 5623 3687 5576 4294 126 5694 4609 157 5985 4097 5121 385 5936 1850 2117 4218 4528 291 5284 2725 952 1920 1654 1343 5522 1066 5924
4706 764 3962 1006 40 3624 3135 4167 2235 3675 323 3271 1294 3116 5999 934 5099 4949 3779 2564 73 1851 663 4033 3293 1113 2152 4927 2557 5448 3986 4412 253 4410 4630 4864 5496 1053 5601 5517 3584 5134 4373 2103 608 5456 5846 4714 1858 1035 1240 4755 4111 5186 5418 4715 3666 4561 2503 4610 94 6041 954 1923 3270 5833 3149 2448 4801 2603 3228 5764 4048 2688 2727 3699 5767 4070 2450 5116 304 5252 107 1512 2920 5232 3692 3080
97 504 3568 5628 483 2838 571 2293 13 711 2917 4012 5478 3592 1437 4882 5039 566 3763 3684 1601 263 631 4885 1123 2987 3891 5112 266 4938 2423 3298 5761 4037 787 2592 4132 490 4139 727 2811 4648 612 2322 673 1731 3483 1489 6033 2610 2843 1055 1324 4015 4877 341 3517 1327 5489 1973 1464 5188 3430 3376 2202 150 2457 109 2935 308 3000 2015 3012 5516 1861 3008 869 480 2084 2334 5087 730 1257 4457 3942 1242 756 4114
1439 719 3677 1644 3211 4205 5934 5908 5243 247 2640 1090 3739 189 3018 1226 851 671 2360 3426 2521 3468 1142 400 6022 55 1904 3679 3065 2428 836 770 3843 2541 257 3761 5307 4432 120 5095 4214 3166 5118 78 1833 3213 2717 4332 197 4645 618 4441 1472 723 5330 1283 2887 4576 1992 3771 992 3169 2623 3353 273 1627 2298 3837 4673 2739 434 3230 413 5313 2600 4378 3118 6000 1315 2144 1559 832 4814 4301 5728 3756 4327 794
1491 2846 6009 2142 1251 2187 3264 4583 3591 3168 3314 4825 2246 447 3754 1553 216 4335 3521 1768 48 5216 672 5639 4691 694 2454 2780 5548 3881 5151 4922 4593 2658 5841 1980 186 2625 4906 3616 595 2876 3646 57 3305 5485 2383 4812 821 769 2913 739 2193 1770 2124 4830 4241 3315 2923 1022 3579 2891 1239 1473 332 5685 2362 4947 978 4424 5136 2480 1635 687 1191 1935 5559 2834 2731 824 5585 5377 3227 755 2922 1626 4588 1328
4118 686 2809 2607 813 5606 4791 733 4698 2663 5773 1133 4442 845 1672 4088 2572 1165 4178 45 1813 3626 1962 5825 2107 3344 4659 1758 1152 4049 1767 4841 3164 1965 2489 4296 4639 2861 3879 511 2318 3289 156 753 1650 5206 4786 428 2257 6019 3473 4796 1927 2697 4904 4908 2474 3710 5275 4767 3784 1917 2190 2313 5830 3526 1259 2161 4930 5737 2411 4468 5126 3674 4532 890 3613 278 1246 2259 4586 2155 931 1347 5768 3455 4113 5422
2001 2414 3842 441 119 3607 3397 581 5365 5658 1754 1147 4252 1585 1172 1854 3006 436 3657 1812 128 2840 4879 3144 4368 3512 3976 3928 2602 942 1504 4573 2291 2165 564 2253 3158 684 4364 1185 3334 3903 4575 431 1763 5937 4936 1746 2147 561 5812 1243 4279 3384 5935 551 2232 2290 1867 3537 5972 2401 1425 1023 2740 5930 1971 1451 4603 454 748 3262 2976 3020 2858 4183 5599 913 1784 3870 227 149 5962 834 3106 812 2211 4120
1793 5320 1193 1288 5786 1529 2385 5539 1456 4062 1072 3356 4677 4247 3393 5035 265 4433 3321 2093 4577 1459 1603 2464 2707 2438 5529 1031 2916 5256 2294 2201 4068 3303 1825 1050 5287 271 1253 4448 4772 4321 2304 641 3518 249 532 288 4495 1834 2907 2389 451 3145 3361 3732 4632 1896 1514 637 1760 1410 2356 5852 4429 2016 3408 5916 5885 3925 2608 5437 5454 5410 2627 5012 5681 2493 1497 3868 3033 1367 4292 5371 5016 4911 4880 4223
3283 1724 866 463 678 4045 5123 5373 1057 2779 5270 4868 4567 3741 2422 209 513 1637 25 3056 184 2091 1646 4251 550 2510 127 5290 4582 2067 4876 3302 1042 2490 3424 90 1597 111 726 3492 1043 4621 2069 5066 1956 4509 4892 166 2170 4831 831 3428 2499 3960 3650 965 2384 1977 3559 3 1647 5192 4280 3103 2909 823 2400 1290 123 375 3736 2378 2536 1420 4918 2751 5493 2915 3233 2312 1500 5838 1313 1598 4017 2228 3124 1839
498 5699 493 4534 1374 2581 3420 5633 3288 906 1900 1874 6071 5532 3522 3525 418 1452 1319 4620 2692 4254 3909 420 3059 2628 5960 4418 588 453 1089 1706 515 4119 4989 5249 217 4416 4684 477 1669 6056 70 5758 3608 4134 5444 5378 5428 2515 3499 2760 4990 6065 1613 3668 5464 1258 3849 4789 2818 962 4679 1155 410 5246 4667 4752 3620 1584 4692 3506 2371 1545 170 510 5919 2918 958 3306 1111 2437 117 2376 4686 2072 4951 4958
4362 3236 4690 2757 3316 113 1140 1409 280 5944 5894 5853 4607 893 4224 2558 4828 1588 2884 1862 5942 2188 639 4058 2714 2096 3092 4165 2553 1436 2340 4986 2104 1231 5248 5690 311 607 779 5396 762 1186 984 5667 1750 556 939 2979 2578 2164 2426 3601 4967 5815 6020 2766 4155 4229 4815 2590 3249 3896 3817 144 4028 2146 4650 2125 479 804 788 3716 2801 2443 1429 1519 5519 3825 1075 876 458 118 2645 105 1860 888 4804 2227
1847 5296 32 4656 5176 2206 2988 5635 3458 3968 129 3444 5630 1711 5145 141 3789 778 1463 35 4581 5389 1019 4617 3111 1012 5657 4091 5451 820 4133 5627 4035 1163 18 4897 2698 5952 3078 3554 2925 2986 3349 4419 738 1479 5379 1534 5741 807 4682 5810 4232 2393 1835 4894 4130 2682 3465 2172 318 1129 1983 3641 4451 757 1594 5688 148 1101 4803 1225 3830 5370 902 4533 2759 5799 2975 908 2215 4649 3979 4103 4654 4910 3071 1741
1736 4980 4943 4742 2377 1863 3275 3495 1038 5867 5844 2279 1153 53 1271 4338 4909 2185 138 5693 3330 1566 5258 1366 3010 1855 2654 2715 2523 4075 4257 1894 4919 4026 1025 3051 2666 651 4542 765 2405 5889 2062 279 1266 6070 6062 2630 4126 4683 2894 3783 705 2418 3963 2924 1864 4302 198 3996 4661 2853 252 5308 5866 616 912 1573 5436 59 5855 1082 3738 4819 524 1995 4466 5896 1579 36 1605 4634 5545 124 2297 1958 3277 887
5473 121 4912 3201 2429 850 648 1056 30 5584 1298 707 2221 860 3893 4771 3715 837 5412 773 2472 3372 2635 5978 376 449 1572 1109 4790 4865 5869 976 6068 5625 5289 4387 319 3184 592 4085 3899 3481 5789 6036 4941 4961 4425 3707 5828 1738 130 3191 2055 3439 4546 1254 5007 1235 4866 4312 5909 2931 195 858 2134 4054 499 4764 5083 1969 1351 2528 6015 1484 2676 5339 1781 4307 5101 11 2641 5458 4501 2617 1263 4778 222 2408
3123 3198 468 2509 1826 4436 3407 5947 1354 1803 1708 5139 977 5133 358 4403 1897 1989 685 5356 1836 5856 5094 5562 5182 2406 1207 22 5397 3248 1091 5421 360 2131 4117 1029 3908 2486 530 3755 3359 1878 1899 2845 3482 692 2049 2409 5268 2767 3500 5649 5495 1325 2704 3590 1119 4003 5334 1660 2726 606 2940 6051 1384 5391 2352 3793 374 3002 4149 4452 2467 5981 3560 1062 600 5561 3596 3819 1179 3681 2421 5702 5686 5264 4869 534
1059 921 627 3886 1382 1264 3523 5355 2994 5292 1786 1564 4213 3327 2745 4708 4405 5958 262 2691 414 2589 1783 2701 1304 5840 5619 39 3990 4105 5826 3910 5672 2220 1200 5888 2089 2684 562 5009 5024 2951 1587 2042 2511 2419 2827 5031 2225 2593 3974 4948 1548 4563 4905 4407 5518 3416 2596 3151 1085 4361 2694 2205 3394 3229 2574 4519 5034 5932 640 3212 4106 4651 23 4997 5040 1395 4612 1682 5041 275 1465 3712 1320 2196 1118 1097
1749 212 3975 5477 3961 1359 5088 5887 2260 5174 4571 737 3799 2381 2446 4447 2333 4722 3454 2484 5325 5712 924 917 3688 3252 3436 193 2705 2200 574 3486 5093 180 5037 4477 239 41 2778 5882 2256 5500 5670 2945 5225 1405 856 1719 5348 1392 5402 4461 2064 435 5622 628 3046 2903 4758 1427 4850 4530 5338 2357 3621 417 1158 829 2569 2710 6040 4231 2388 596 272 790 2361 4310 910 3114 181 2982 4237 3647 135 881 3509 2896
6010 3472 4849 2830 246 5207 2197 570 3644 4427 230 594 3638 4751 5744 1312 1745 1541 1372 3541 485 4746 1348 782 1219 2695 2777 5392 4810 4867 1490 4333 4844 4541 1651 4862 1507 2394 1215 1713 4733 4940 5907 2995 4082 5130 709 2930 693 3852 783 4323 2358 1397 6012 5475 1335 365 4871 667 2458 371 5725 1462 3508 1502 336 3913 2662 3851 3429 2718 1440 4917 3538 759 5834 151 3189 2504 2847 4482 568 2149 2179 2881 4723 2315
736 5554 1538 5209 2943 305 3471 3494 3683 3730 998 1013 1577 274 1831 3437 3550 1093 701 2723 699 5729 879 5905 5991 167 5929 811 5447 5032 886 2031 56 1498 1229 3343 2112 2875 3180 3853 1180 4681 1058 3529 3274 1503 1912 2150 3007 867 4591 302 2060 4152 2981 2615 801 5089 5431 4512 1295 1665 2942 4269 2996 5927 1015 3438 527 3204 3726 5115 1684 3574 210 4154 1389 317 1204 4001 500 4483 4942 1809 5479 3301 5531 1008
3052 2950 750 5013 3931 990 4590 4384 2835 5507 3085 3772 4874 5588 3824 4826 1885 674 3706 1600 3413 1371 1250 4972 2919 4014 3663 4745 5849 1807 1544 4121 3872 2517 1970 4726 2261 2609 5361 2074 5148 974 5878 2653 4805 2303 3768 3556 3627 2651 1549 1906 5724 2306 4933 5340 297 5787 5332 5980 1688 2880 5218 327 1252 5165 5065 1615 4739 716 5648 3217 54 4676 4631 3643 4340 407 3929 1233 882 5726 3045 1531 2807 5104 4153 5183
1007 456 2770 2601 1959 2379 1247 2636 4227 1040 6045 5659 1105 5208 5597 19 3557 244 5358 5181 6043 1457 6007 2370 1570 2797 5759 2120 599 734 5941 267 1183 817 2412 1687 1262 5949 1657 334 5255 4878 2626 3174 3832 2741 3011 1020 4 3097 1725 2053 2404 1265 3651 969 295 3625 903 448 429 4977 2905 758 359 3497 2713 2000 1488 4238 3345 236 3087 2776 3995 2139 2633 2795 3587 2022 2335 2826 4560 1416 3105 4009 1742 4727
1095 2516 1305 2481 5265 4863 2398 31 4398 2102 5589 5498 1308 3242 3918 335 5497 1332 2363 2892 5439 5466 4420 5260 5848 1589 4100 5000 677 4859 5050 1255 2431 4438 5492 624 4574 3206 3510 85 4150 4508 3943 4422 4730 1355 4029 5895 4861 1556 5718 3653 1150 1624 4592 3147 5957 2878 1790 455 2859 5750 4156 4286 5059 4965 4400 1364 5743 1591 1267 6023 3564 2737 5366 5880 1889 91 4263 472 3822 4529 4042 4971 5481 206 2347 2169
2667 3895 3446 2101 3469 5085 4729 3107 5494 5946 2324 4970 3764 517 818 4219 381 3632 4137 1203 5986 2289 3888 658 620 4358 724 5048 5971 5438 2989 2025 5523 3878 5673 5968 5777 476 4693 2500 3702 877 2462 6025 5487 4404 362 1125 325 2992 4169 4272 957 4473 4832 4902 4538 2573 4504 132 5051 3263 1361 2870 80 2461 4703 4728 2984 1929 868 2492 1622 4480 3898 3005 3667 2195 4854 2538 2087 172 5794 2391 4353 5452 2027 2539
2218 303 2616 3435 4255 2078 2582 5001 1453 3425 5435 3742 4174 4256 4526 799 4735 1716 4309 3475 4450 4249 4052 2332 575 5515 4964 497 1474 1461 3633 1875 5204 5746 4006 936 1167 1733 3261 2008 4145 309 5480 3129 2435 1523 1656 1202 3280 5994 2559 5814 1623 1824 1620 2453 1853 4672 3019 708 4953 626 5367 5642 5042 4710 1569 3112 585 960 3622 1802 4471 3577 5386 24 2167 4555 1778 1087 5283 3636 5352 947 3398 1796 1806 4513
772 2746 5011 2639 5362 3648 2910 3142 2789 1047 5029 4932 4453 2680 112 847 1757 3456 880 5077 1173 5751 682 2204 5790 329 2736 1528 3215 3965 4187 1419 4580 2820 3260 3381 2753 4712 5892 42 1692 4063 4827 4515 331 4469 3640 4860 4604 3294 5770 5872 5424 4856 3317 4411 4993 4566 3063 2219 5273 2350 370 4220 4076 1933 1830 4568 994 800 1941 3237 4514 2837 5044 306 1735 1702 3535 2075 5605 4799 1073 4258 4489 1116 47 4899
668 2561 5861 1655 3689 2445 2728 3915 2828 4195 2319 3642 5468 1426 4494 1946 162 3802 2949 752 5506 391 3551 1921 1642 2395 3566 4196 1511 1487 4046 4760 1114 2519 411 1547 5504 3311 1845 3073 5155 3686 839 4741 4315 4248 1990 5736 3993 201 1675 2750 3972 5948 1916 5845 2154 2508 3194 4226 2353 4558 2265 5353 1857 2937 1732 6050 523 4141 5595 4518 3722 5647 1106 2505 1232 4479 5637 2264 3448 4300 3036 4657 5247 3733 3655 1360
4392 613 4010 3375 3337 1214 3489 312 2703 970 3382 2263 4372 4557 3581 5429 2911 2230 2086 5874 1110 2034 1998 4901 943 4096 5823 3218 4298 5803 611 256 2296 2244 995 3532 3871 3346 2889 5683 2156 4236 5983 1773 5316 82 5326 3988 5311 5388 5097 1611 2349 3173 140 6011 4043 4516 1832 1245 5503 1103 502 5122 2071 1895 5839 466 5560 3548 2954 4521 1694 3125 2648 3165 3082 715 4565 2109 3141 3003 621 4116 2685 5147 5540 3594
4472 3445 5765 3037 5792 1434 4747 4084 4212 1805 3612 2028 4597 4239 377 3565 4968 1256 3479 2577 474 3146 1915 2302 486 4717 5226 2268 4246 1629 3536 437 5222 1734 1699 5328 5150 2316 946 1162 242 3331 481 2186 5224 5796 1063 98 1762 2629 2773 2365 4260 3758 3570 5228 1010 187 1378 3095 5756 1362 2644 583 3751 5106 5901 5679 125 2041 4490 1848 419 5342 2833 5513 3740 5910 1810 1630 789 5476 5461 366 1224 5508 1156 5586
361 5411 1424 5189 15 2116 3999 554 4299 1017 5223 5387 3406 1954 3501 2433 4334 1310 4122 646 6058 1336 3366 5564 1428 3265 1794 6055 3285 177 4266 1583 4847 634 4776 4305 5310 5049 5170 240 2502 2327 955 3877 3534 2037 3047 4462 3427 5607 2229 92 967 2576 4808 5190 4050 394 4716 3433 3997 6047 891 2491 3595 520 1222 5511 2355 5863 1052 4954 2123 4731 546 2575 4931 2092 3987 897 3934 654 5817 655 5747 3656 2585 2255
5992 4225 4211 5318 4244 2471 3004 729 3222 5883 3746 5045 4845 1546 6018 4083 5921 4702 5676 1100 2036 5450 3589 4636 4185 396 5640 2775 5100 5917 1209 1080 5723 2908 51 2526 4034 2278 919 3900 2010 4192 1182 2011 6034 3971 3645 4352 1393 4376 3094 689 5179 3450 5449 5281 1230 512 4626 5395 3861 4995 5440 1648 3504 3571 675 4807 5254 793 139 1478 5696 4704 2308 3957 2643 3947 1432 4647 5020 2077 3818 5824 3735 5891 5714 3950
2507 2203 2733 3068 1168 2784 372 4128 5546 5103 2113 1141 2470 4210 4817 2247 3015 918 3231 3749 1417 1960 5653 3396 5127 3569 4599 3021 4680 3098 4027 702 5068 1301 2742 6046 4140 320 3766 2926 4665 2126 4870 1697 5280 3291 343 3977 5720 4653 5023 2967 4357 5185 3402 5441 3811 460 565 380 809 2806 916 285 228 3307 2328 3630 2133 2424 2520 64 3563 5650 137 4743 208 1963 4164 3374 200 3240 6027 2482 3815 819 5271 3639
2226 3245 1795 4430 5739 1522 2953 1448 2487 1352 4475 5604 545 3203 2869 1377 5661 1670 4039 842 2812 3205 1887 1398 1385 2330 1593 884 3163 2551 814 4652 2700 1036 4413 1380 5019 1227 4821 2768 3701 4193 4777 3403 1968 1284 1146 6042 4975 3904 5953 617 4744 2079 5570 1881 1096 1201 2802 1065 1819 1220 559 4551 5809 4093 4443 3575 853 3451 971 4099 2163 5977 4736 5797 3496 5772 1218 2427 5555 3177 2181 2494 3318 5900 1765 3414
1609 948 5160 3079 1774 3273 2844 1414 2392 4355 5583 1761 1666 2115 5169 4439 4377 2241 3922 1981 248 5976 5692 2936 3866 2657 2277 796 5970 5687 2552 4666 4843 2749 5641 1695 4022 71 1211 2440 2238 6039 5664 4559 169 3757 1260 927 2567 3543 2281 5754 3399 1653 5357 3459 3514 704 983 1788 5125 5603 2003 1987 4890 1661 1293 4903 4502 940 2583 2396 5918 1945 5047 2971 597 1520 3339 3395 446 21 1843 2792 1818 2460 1136 489
2983 1307 2463 4713 158 3919 5293 2280 1533 3714 4537 2065 4374 2961 5368 3863 4194 160 2962 690 1640 4339 3421 3545 6002 4287 587 1282 5327 2730 4873 5282 4073 492 268 610 2056 4488 1787 2719 388 4761 3828 2344 1911 1508 5940 3050 3348 3967 4753 3241 3803 4584 798 3257 5881 2747 77 749 4914 5899 3235 351 2178 2135 1641 4201 4380 2978 4243 3155 5749 5521 2952 1126 5079 2047 3251 1174 2111 697 3718 1060 2099 1406 4228 3464
5695 567 4611 44 2677 1195 3113 5997 5527 1067 4598 3580 2548 3809 1718 3333 88 4089 649 2407 4608 5137 2121 3774 340 3805 4188 2090 2743 1879 5510 14 1527 2166 2180 2108 1683 5969 743 1599 3720 4109 1412 2793 203 62 2849 5026 4524 2098 1353 2900 5674 5784 5178 4522 996 473 5236 2624 3208 5721 2597 5715 1888 4184 286 5322 6064 2148 643 1483 5061 2762 4385 5698 650 2248 2346 2966 4144 1515 1004 5501 6044 3839 3099 4839
5740 5665 1187 5055 1190 679 5346 4638 5158 3341 4595 2804 2872 3814 1217 4889 2529 1368 1764 2933 3115 3516 4181 4162 5251 3690 3292 2800 1045 5575 5267 3308 5262 2168 307 3340 5062 2021 922 3100 2325 1563 4209 5038 4388 4627 2496 1922 1526 1034 4016 2763 2417 4336 5337 1196 5483 2938 426 1689 5010 2390 2721 5398 4697 5913 1720 79 4635 1323 1840 846 3176 2631 1586 2198 3329 3860 688 4784 754 553 5073 3423 4937 5309 5111 4923
3936 471 4721 5266 5621 1744 5317 5078 635 5709 2571 5705 5762 1828 531 951 1134 4981 5811 862 1363 2991 226 5197 3775 5854 5742 731 3533 5857 4127 4539 3023 1914 4511 4699 2652 3104 3680 488 5632 254 2711 4203 5771 1496 3598 5200 3157 4081 3804 1928 4293 2444 1717 2275 2341 1852 175 478 1616 3130 81 3225 5239 1302 355 1686 519 5335 4233 5433 4605 3546 4793 3728 4348 4640 5090 2272 1800 4047 171 261 2672 2965 3808 3959
1681 1714 1876 1994 4606 5700 4785 289 3658 2985 4291 3061 2177 4064 1024 4381 3927 3025 691 3219 224 1743 2369 1078 854 735 5837 2882 5043 3058 168 3649 4168 3678 1144 1844 5199 552 5172 5211 2850 1821 1993 656 425 4019 3937 859 2543 1890 2963 1596 792 3946 4688 5677 5394 5738 1859 4383 69 3493 5873 1400 2415 3956 3634 1561 3210 652 4724 2563 3615 2594 3365 1404 1649 5842 3547 4337 2300 2436 1663 1238 1339 3770 4545 2171
4496 2382 3907 3159 4883 1421 4199 1674 695 3110 1886 2262 445 5898 2068 3586 1408 5966 401 889 1306 4080 3027 5615 3958 142 1996 4104 5272 4503 3704 2029 1064 5806 3422 5938 5109 4135 3127 258 1223 2815 1679 3200 4487 4032 2478 604 3834 2638 3320 4966 5132 3119 3994 5654 4594 4066 3172 802 4795 4406 815 1602 1539 4367 3160 5141 2772 2058 3400 4343 4962 2868 2595 937 1028 3672 415 3209 199 1988 828 4171 3694 4078 1189 1131
220 1856 4262 4765 1318 2208 3857 4855 3096 1198 5580 981 3561 131 5847 4497 1455 2374 781 5201 2702 1567 5426 3476 5502 5354 1918 103 3729 5774 4288 2545 1418 4836 2050 300 2836 4505 5558 1985 528 763 5364 547 1492 1560 3623 1728 1618 5161 5156 5417 2231 3470 2106 2580 5530 5719 629 3635 7 4000 1442 2066 1124 590 383 4732 4021 4289 725 1289 3022 4347 3984 5321 4572 2282 4198 5159 3055 5072 3980 3661 133 2243 505 5652
3077 223 3826 349 1314 930 46 683 1907 4098 777 2430 17 4069 2137 4414 251 2495 5697 38 5731 3717 1018 1337 294 987 5076 5733 3807 1268 3629 3602 3443 3618 3582 4670 1149 218 3876 805 997 797 5931 4757 444 591 1321 5646 114 4615 1919 283 1753 4107 5550 3234 1582 4060 4829 3034 450 535 1494 4998 3342 1671 5285 3278 5819 2192 2788 1482 2863 4056 6060 5780 1986 1358 1092 4548 2722 3505 1443 577 442 110 3193 2554
2852 1130 6021 1932 260 4399 416 3721 3938 3745 5372 1098 4689 1281 2584 3513 766 2095 4215 5058 3973 5198 3075 2606 1083 3410 3859 2621 3567 945 2052 2968 5912 4092 4783 776 4284 5393 840 12 3969 1199 299 761 4754 5592 5027 2252 2119 4217 2063 2570 378 4397 1898 3669 5443 1046 4090 2886 4175 2158 5482 2348 1562 1399 5469 1241 3727 3836 5196 1516 3982 4191 2447 988 5175 1924 3964 469 2890 1477 1759 1883 4394 2642 4950 2568
2013 1740 1 5973 1905 1792 4415 4444 3143 4996 5069 1138 1145 2292 2044 1329 4282 1966 3948 1931 696 5613 1820 4552 4331 3847 2794 4820 3463 4602 3628 4655 3185 3355 614 2709 1317 6069 4395 1151 143 911 4112 6057 1458 1814 1576 3324 5135 1402 3670 5003 5512 356 4543 5409 5832 402 1236 5140 1550 4798 1510 75 5876 5350 1350 5666 5319 1249 863 2634 3841 487 3945 4797 3134 5445 3887 2368 2469 3539 3725 4984 5868 2038 501 1643
3572 5400 4449 3848 2675 968 424 1501 395 4200 6029 4434 2534 803 3286 2237 293 3791 6030 5286 379 3941 4963 3800 3769 865 3138 2513 1771 4946 2556 5915 3452 5004 4077 3013 964 4366 740 3693 4159 2030 5257 1739 1604 2865 4809 5904 1326 1779 630 5549 3767 1467 2605 4926 1506 5414 3606 4484 1940 3358 1396 5064 4500 2174 2997 5302 1194 5707 2810 3064 2338 1537 5959 1447 96 2032 3773 1356 2057 5278 5579 4694 5594 3786 653 3531
2475 4857 354 5534 660 2781 2114 5533 3460 2285 3665 5405 852 153 644 4969 3297 5805 2669 1822 4417 2359 4277 2194 58 4234 1074 5965 5831 537 3126 3182 136 3122 461 1037 3890 3057 4662 2014 4379 5902 3084 3246 4172 3600 348 190 5227 907 4711 598 578 3192 5014 4544 980 6004 462 780 2622 2476 2184 1880 1216 4267 3041 423 3014 4138 2803 1982 3060 5644 5543 1261 874 3053 2525 324 4011 4464 2764 941 2537 3748 5569 4278
2434 3226 706 3844 1300 60 5086 369 164 2549 3462 1349 2735 767 4344 4601 3325 2586 3076 1934 2946 5775 298 3759 3901 2455 5375 2822 50 301 1287 430 234 439 3797 2132 5143 5374 2070 484 4320 3955 775 2944 2819 2998 89 4446 3792 1120 1957 4390 1606 2299 1680 993 1070 5113 4031 2473 5164 543 5033 2301 2813 1234 2587 580 5795 3238 3737 4435 4840 4129 1948 2679 4992 1342 5455 4707 5782 833 1108 5167 2904 5403 4562 2814
1184 3724 5875 1659 2354 3553 2816 4934 4756 2939 3708 746 1555 1170 5171 5180 1747 3269 5735 3487 4396 3299 5541 2895 4705 1369 255 86 2173 5054 4625 191 1667 2286 2024 4554 4985 2314 5163 3787 3152 2249 5491 5195 367 363 589 4762 37 1532 2632 3502 5616 176 6032 2441 5470 2459 1333 4004 3884 5727 5092 1552 3902 1341 2656 5315 2009 3282 3362 4492 5359 4051 432 321 669 1449 2375 5261 5988 4759 3978 4564 3845 1433 3195 3089
3685 1027 714 959 2947 3266 2787 2276 3939 4578 5131 384 601 4370 2973 1403 5462 5294 1791 5383 328 5704 657 6052 5636 1780 2752 5008 1026 4316 5925 2083 5105 4999 3328 3295 3378 2808 4036 1030 5745 5836 5577 972 786 2958 2342 3102 2754 2842 3256 2061 1619 4271 270 3897 2094 3016 1991 5312 2005 3747 3411 4147 538 5748 3258 5614 5954 1079 4160 65 1470 5602 2871 3711 4173 4319 3810 3905 742 4250 3336 2637 5046 178 661 885
5235 1099 2854 5021 3703 4685 2140 4915 3691 3527 1678 3892 3360 4851 806 207 1466 3069 3490 238 3719 6016 4382 1710 525 3966 5351 4454 5951 1628 771 4766 1676 5870 116 2791 0 4853 603 1121 3247 1870 5884 475 1766 2141 4750 4318 3617 2533 1712 4493 717 4781 3981 3885 1297 2122 1014 895 314 5301 3752 664 785 2769 2403 5535 1054 2043 1799 4459 3953 2974 1685 2283 1381 3662 3664 4585 3933 3488 5415 5982 5015 516 1607 5703
2646 713 4270 5689 2175 4365 5568 4306 1117 250 5791 409 1543 5129 1634 4701 1401 63 4197 4463 2659 4369 1554 2531 496 1001 2129 3029 2320 541 4094 326 1430 619 2213 3367 3780 399 5146 4770 4589 1386 5277 1357 1441 2544 2081 3576 2351 3369 2532 4304 3255 3040 1903 4619 3081 2864 4240 2 900 1868 5551 5961 1775 494 443 5572 3383 3167 3224 3401 5385 1122 2082 215 67 1291 2245 1698 5524 1877 4013 1930 3850 3524 4242 4324
1610 4994 925 5600 2251 2732 586 2284 5343 3326 1154 1925 4295 4421 5427 3371 2210 5591 3409 2339 3652 205 1084 66 518 3484 3243 5671 1542 4253 4663 1521 5691 287 810 3916 4268 4675 4354 4613 507 5793 2162 5509 2874 3760 5877 1181 2159 4055 5734 1296 4204 3544 2857 5890 5684 632 269 2224 5893 508 3840 2540 330 2329 214 3364 558 4125 5821 5291 873 1213 3912 3108 2380 1871 1638 1468 5620 2274 26 953 2565 5631 3778 1769
3128 3319 5381 681 703 5769 5173 3542 231 3619 3083 5233 2182 3820 1804 3287 1176 2465 1197 5645 4618 4456 1188 2258 5609 74 3777 5675 3062 2604 503 2216 1021 3593 2345 2851 5245 741 4556 1974 1278 522 2239 3631 5331 4322 122 4208 3654 1575 6066 2823 6026 4700 3794 2934 784 5835 1723 5995 1645 2085 3392 4734 93 467 2798 892 3806 3038 5903 4669 584 4207 1135 185 2386 1394 5119 4738 5434 5084 4763 5486 3983 4988 4547 1221
5843 1379 5574 718 3388 2254 5304 1625 5933 4163 3066 4216 1469 2927 1033 2105 5259 5194 5052 791 3549 3412 3391 3671 5376 5955 347 76 3276 3660 3405 3223 3332 241 1000 1076 5203 225 1961 3419 310 5573 1450 33 5822 5706 5816 1505 560 2305 6035 542 5886 2018 1873 3093 5219 2990 1005 237 5911 6067 3253 3474 533 3197 4718 3385 5018 3823 1071 4507 3515 529 2738 4806 3368 5956 5380 4177 3220 4245 4371 2468 710 4356 3239 2550
963 4342 3813 5153 2189 4893 2964 841 3673 4180 557 1270 1891 3338 3140 920 2799 4900 579 2716 2774 5717 3109 1311 3009 914 3379 4570 4945 5096 4040 1936 861 4779 1376 2955 5939 2928 3186 134 5269 495 2883 1751 3043 1446 4409 2824 2311 3858 896 3781 1157 5752 2790 5655 5157 1700 196 3042 2128 3153 5017 5643 1540 4038 2765 700 412 1286 1003 6006 284 5514 3854 5205 2535 6061 2957 1499 6038 3610 4470 1475 1535 2614 4057 282
4221 5610 3889 1652 3944 5829 4916 2948 2620 3121 4297 1849 3555 5098 5781 4774 4642 4823 159 3054 5210 2678 5408 276 3785 1677 3363 1756 909 1387 5979 4944 1391 670 4527 3017 2501 5329 4837 1722 1299 5082 3187 5566 3417 2310 2026 5070 2307 2522 1737 4896 5914 5382 422 5152 2267 1061 5499 4587 5279 4087 4391 4079 4317 202 5785 3883 1493 1069 2477 2969 2399 4848 904 2970 4401 843 2059 4633 1486 8 1707 938 3762 1869 5144 3540
4748 864 4641 1435 721 4325 1842 4067 2223 4329 5996 1480 855 905 5871 4351 1815 1947 3795 16 5250 2566 5990 2207 875 2647 3322 572 966 2755 555 2506 161 4136 2138 4535 5347 1276 145 4431 1673 2143 4852 5407 662 3906 4886 1454 2879 4182 4983 1390 4065 1937 647 4549 389 822 4531 2088 3705 3924 1431 2839 5813 4835 2921 878 2902 1049 4913 3935 5067 898 2831 3992 645 2712 4973 5234 5022 4308 5244 457 2035 4326 3032 5345
4646 1592 5987 5783 835 6048 5274 4363 4276 4386 4987 1438 5779 5629 3480 3035 2546 2720 1668 1581 4274 544 4957 4148 3415 989 2512 4428 4499 2901 3156 5472 6053 1338 4976 470 2579 3457 2674 4740 2271 3183 1967 1041 392 576 337 3507 2744 5423 322 1530 5217 1051 3573 404 2373 5298 233 173 5851 5651 4842 5071 2888 4824 3466 1048 1422 5974 982 5678 5028 1892 1816 4671 1910 3196 1518 1777 3039 5025 1481 4020 2613 6037 2959 872
3150 3090 4008 1383 2686 397 745 1423 482 1139 1691 5544 83 5323 440 3441 3453 3926 5943 1838 5611 4816 4643 4143 5221 4792 2326 5229 1345 1292 382 2960 4283 3743 2118 1273 4426 1517 2323 2524 2217 3709 1942 154 1595 2588 3838 3530 2706 4389 2366 1340 229 5926 5669 1938 3753 3001 2367 3611 1044 5404 3044 459 1344 4110 540 712 4151 722 2748 3389 2309 259 1485 4115 1943 3028 2598 2660 2999 6063 3528 5344 1612 213 2209 5860
5149 933 5108 5124 3323 5598 4476 3351 333 1565 264 4540 4349 526 5964 3949 1951 1159 5446 3833 1755 3086 844 2670 3923 4794 5542 4146 5241 2841 1316 5300 2972 5212 464 5801 2317 5617 2649 2051 194 830 2724 387 4895 3776 5231 4719 6 3244 3268 1997 174 3449 4222 3921 5080 1112 2673 1077 4166 2442 3485 5399 548 2250 3026 1721 1309 146 3698 188 5865 5413 4350 2832 871 2002 4668 1571 5420 5578 4095 5474 2331 1373 3750 5680
5975 768 2269 3812 3171 2693 3875 4275 4979 2689 3821 368 894 2425 1952 1303 5460 3696 1772 1161 944 1580 1727 5242 4536 106 3816 2176 5063 346 4341 5820 1976 1536 243 2897 2912 5091 747 4044 744 3682 5612 3467 720 602 6059 5798 1866 313 3731 4158 1279 350 1979 2977 3284 986 5074 1614 5453 20 991 4520 5763 4780 4408 3290 4929 4330 4458 2080 2729 5036 2097 5730 5945 3162 34 1801 1829 4773 826 179 4978 3998 1460 3091
2387 3074 4002 1495 1011 465 1909 3478 1633 795 433 3024 1274 999 1913 3350 4131 5363 1798 4485 2690 625 344 3985 3418 3259 364 2479 281 5406 4623 5537 2562 883 4498 5238 923 2321 4423 1269 928 3049 1902 5788 28 6049 3605 2664 3312 4455 3175 2687 5923 698 1704 1908 5030 5306 4622 68 3788 2560 5 4478 4920 4523 3831 5634 101 4579 4768 5314 5827 2240 2019 3387 5922 5303 1164 4924 52 4928 5859 232 2611 2127 4345 2782
315 949 825 2914 2273 5349 3829 5191 5490 6031 3139 1277 2020 3734 2485 1068 5056 4261 4891 1128 827 4206 2199 932 1375 1370 1823 1590 5557 1953 4190 3578 2006 3827 87 5416 4875 549 5998 4005 2599 5463 183 3300 1127 2153 5536 5989 2045 5419 2270 155 1730 3588 5057 1944 1568 816 4991 5928 2336 2898 3072 115 3790 5590 605 5459 3304 1776 4525 3700 4800 5571 3676 1865 1782 2829 849 3370 5582 3801 4974 506 665 3637 3932 192
2157 5295 4108 4658 4881 1002 4170 3120 5240 5166 4235 104 1330 3390 2073 4018 4596 352 1884 4346 5766 5324 1658 2708 1407 1169 5668 2420 4674 4888 4123 4644 3744 4375 3970 3254 509 1032 3765 4678 3989 1636 3221 2527 4481 929 5002 3214 2665 3864 915 5187 43 100 3477 5276 5587 2855 2817 1524 808 2100 10 2046 2786 5215 1827 926 5213 593 5467 2214 5305 5230 102 5818 5336 3207 609 3782 49 5333 4838 5565 1901 406 4264 4059
79
change 43 80 4375
move 257832
change 67 67 2482
change 14 27 43301
move 163480
change 27 67 21051
change 62 77 44372
change 68 77 11179
change 37 23 50954
move 150257
change 4 51 14517
move 105164
move 161561
move 411282
move 205835
change 35 47 41234
move 74751
move 24514
move 128920
change 54 46 25279
change 2 25 8704
change 33 84 7574
move 74701
change 26 32 35800
move 329379
move 367693
move 282297
move 377693
move 48982
change 60 1 12818
change 64 74 25514
move 399201
change 51 83 37899
change 28 35 39154
move 243570
change 53 59 14904
change 11 72 24839
move 73343
change 41 30 57206
change 61 64 10496
change 18 87 17212
move 44729
move 246883
change 60 74 16767
move 165883
move 14277
change 61 28 46385
change 50 30 16459
move 135772
move 358579
move 263062
move 203702
move 203737
move 323179
move 84746
change 15 20 58597
move 50627
move 302326
move 287330
change 61 35 41142
change 47 83 9833
move 349275
move 131892
move 274389
change 16 83 57258
change 52 74 48587
change 50 55 22008
change 16 70 6679
move 231889
change 33 36 42948
change 50 14 17412
change 24 20 12211
change 33 8 47929
move 101756
change 19 14 33131
move 235527
move 110147
move 70708
change 60 72 5812
