100
9999163
3877633
9999161
2044523
3702389
7
9999971
9999972
9999997
1403870
3191803
6537523
9999162
8237213
8184167
5094841
7551991
1862603
4936439
9309119
11
928009
6697461
9999973
9299449
9999998
9682616
615403
8873129
5331653
4170220
3323191
9010879
3855409
4461642
592432
1507483
2
6513281
2872729
7203246
4125389
1750607
3023326
7742461
9999929
9971849
2196613
5388168
3132736
5
3929879
6987083
6716541
4461643
9325574
3910981
86293
4046177
2360890
6
3949061
559513
9999931
9999995
8248729
9999991
8460583
1
5001361
8697851
140839
1144
9999999
4751053
6463741
6865010
9999996
9516811
8291470
4
3
5462959
983469
10000000
3410821
12
8
6735763
1281246
4461641
9987391
1264969
7762723
9999930
9
10
13
1481717
6704676
