95
2590 45700 5
8892 186601 5
10 22322 2
39 1000000 3
1405 52064 3
3825 934105 6
9523 81976 5
7558 716225 8
9325 343906 8
6366 921028 2
3263 62970 1
4370 274443 1
9046 160519 7
9151 163110 6
1002 914907 8
1056 45030 4
1363 123520 8
5649 246089 1
2519 171840 3
886 56750 8
9929 160753 4
5759 165757 6
6311 744038 5
3459 893118 8
3976 759716 7
9628 221919 9
2789 205886 5
8229 384684 2
9412 458712 2
5630 555906 6
646 753992 3
4945 279540 7
5579 763362 2
1616 875376 6
3901 458931 4
0 1000000000000000000 1000000000
4153 196591 1
1396 974496 5
3568 887100 8
5272 393026 2
7977 626769 9
3748 207521 4
2791 674701 5
2433 588437 7
0 100 2
22322 22322 1
2851 217912 4
352 116029 3
0 132 1
2965 769993 4
2675 641763 3
8439 865622 9
1108 708286 6
6153 882984 8
9597 30751 2
7998 968182 1
34432 9999920 222
6673 645665 9
5811 811662 1
9705 834597 8
5230 55195 9
4766 385349 3
999 99999 78788
852 514597 2
2035 587687 6
1209 371972 7
121 121 11
8764 690922 4
4609 64949 8
1551 635917 7
2228 961000 6
7597 115191 5
490 499674 1
100000 1000000000000000000 3
4131 988357 1
8135 346033 4
121 131 1
1813 539974 3
4401 792858 5
9352 507517 9
7243 39232 6
3491 376189 1
7800 282033 2
6916 519450 6
121 132 1
8989 909410 5
8429 327368 2
0 1000000000000000000 1
1516 476245 5
2871 611476 1
21345 4441283 13
5541 34105 7
8984 321196 7
3376 156586 6
1000000000 1000000000000000000 1
